$MeshFormat
4.1 0 8
$EndMeshFormat
$PhysicalNames
1
2 28 "indent"
$EndPhysicalNames
$Entities
11 16 7 1
1 0 0 0 0 
2 1 0 0 0 
3 1 1 0 0 
4 0 1 0 0 
5 0 0 1 0 
6 1 0 1 0 
10 1 1 1 0 
14 0 1 1 0 
15 0.5 0 0 0 
16 0.5 0 0.5 0 
17 0 0 0.5 0 
1 0 0 0 1 0 0 0 2 1 -2 
2 1 0 0 1 1 0 0 2 2 -3 
3 0 1 0 1 1 0 0 2 3 -4 
4 0 0 0 0 1 0 0 2 4 -1 
6 0 0 1 1 0 1 0 2 5 -6 
7 1 0 1 1 1 1 0 2 6 -10 
8 0 1 1 1 1 1 0 2 10 -14 
9 0 0 1 0 1 1 0 2 14 -5 
11 0 0 0 0 0 1 0 2 1 -5 
12 1 0 0 1 0 1 0 2 2 -6 
16 1 1 0 1 1 1 0 2 3 -10 
20 0 1 0 0 1 1 0 2 4 -14 
21 0 0 0 0.5 0 0 0 2 1 -15 
22 0.5 0 0 0.5 0 0.5 0 2 15 -16 
23 0 0 0.5 0.5 0 0.5 0 2 16 -17 
24 0 0 0 0 0 0.5 0 2 17 -1 
1 0 0 0 1 1 0 0 4 1 2 3 4 
13 0 0 0 1 0 1 0 4 1 12 -6 -11 
17 1 0 0 1 1 1 0 4 2 16 -7 -12 
21 0 1 0 1 1 1 0 4 3 20 -8 -16 
25 0 0 0 0 1 1 0 4 4 11 -9 -20 
26 0 0 1 1 1 1 0 4 6 7 8 9 
27 0 0 0 0.5 0 0.5 1 28 4 23 24 21 22 
1 0 0 0 1 1 1 0 6 -1 26 13 17 21 25 
$EndEntities
$Nodes
35 27 1 27
0 1 0 1
1
0 0 0
0 2 0 1
2
1 0 0
0 3 0 1
3
1 1 0
0 4 0 1
4
0 1 0
0 5 0 1
5
0 0 1
0 6 0 1
6
1 0 1
0 10 0 1
7
1 1 1
0 14 0 1
8
0 1 1
0 15 0 1
9
0.5 0 0
0 16 0 1
10
0.5 0 0.5
0 17 0 1
11
0 0 0.5
1 1 0 0
1 2 0 0
1 3 0 0
1 4 0 0
1 6 0 0
1 7 0 0
1 8 0 0
1 9 0 0
1 11 0 4
12
13
14
15
0 0 0.2
0 0 0.4
0 0 0.6
0 0 0.8
1 12 0 4
16
17
18
19
1 0 0.2
1 0 0.4
1 0 0.6
1 0 0.8
1 16 0 4
20
21
22
23
1 1 0.2
1 1 0.4
1 1 0.6
1 1 0.8
1 20 0 4
24
25
26
27
0 1 0.2
0 1 0.4
0 1 0.6
0 1 0.8
1 21 0 0
1 22 0 0
1 23 0 0
1 24 0 0
2 1 0 0
2 13 0 0
2 17 0 0
2 21 0 0
2 25 0 0
2 26 0 0
2 27 0 0
3 1 0 0
$EndNodes
$Elements
27 43 1 43
0 1 15 1
1 1 
0 2 15 1
2 2 
0 3 15 1
3 3 
0 4 15 1
4 4 
0 5 15 1
5 5 
0 6 15 1
6 6 
0 10 15 1
7 7 
0 14 15 1
8 8 
0 15 15 1
9 9 
0 16 15 1
10 10 
0 17 15 1
11 11 
1 1 1 1
12 1 2 
1 2 1 1
13 2 3 
1 3 1 1
14 3 4 
1 4 1 1
15 4 1 
1 6 1 1
16 5 6 
1 7 1 1
17 6 7 
1 8 1 1
18 7 8 
1 9 1 1
19 8 5 
1 11 1 5
20 1 12 
21 12 13 
22 13 14 
23 14 15 
24 15 5 
1 12 1 5
25 2 16 
26 16 17 
27 17 18 
28 18 19 
29 19 6 
1 16 1 5
30 3 20 
31 20 21 
32 21 22 
33 22 23 
34 23 7 
1 20 1 5
35 4 24 
36 24 25 
37 25 26 
38 26 27 
39 27 8 
1 21 1 1
40 1 9 
1 22 1 1
41 9 10 
1 23 1 1
42 10 11 
1 24 1 1
43 11 1 
$EndElements
